20
1000000 1000000
805273195 752336497 719038359 705342035 991979073
4 1 199814372 506385478 508946521
268781 458684 570868762 925143704 942908159
29697 436696 846251889 602893019 154571668
2227979 355046740 238035469 403022570 346773504
875531565 735670486 547546048 383782710 981277035
914471 1000000
701545856 923472186 939361813 823562223 747488237
1 3 479808674 976486628 627245346
154092 504276 149968001 934609047 705841654
14426 138691 666975680 440080640 13785892
112991589 703745999 193401493 790105447 81050151
531881426 201474856 181961842 797645996 568263941
1000000 1000000
351715876 130260779 84707478 301298928 638210684
2 3 583026414 673535733 798688800
588094 281834 977660697 437451197 455992094
160242 292809 706825193 85539797 32848495
831389089 26411601 863281338 804019010 823206843
538382415 134045053 168553642 540952518 12107532
1000000 1000000
779706507 127228413 432241190 590050086 381005249
1 1 0 0 0
781423 41766 57495812 32708620 803046278
257837 999058 948956822 172010995 356851834
851916796 13667531 614669079 302205061 927323532
929908049 26628041 428786183 192857828 194486670
935509 1000000
342299703 155322512 981146149 99479113 125237047
1 3 768298580 838449815 713291359
700370 329613 661894184 678016224 833888412
295709 286424 571649535 285545756 22030711
466940969 970974023 932844869 594429080 128810225
44247308 356504418 457364928 981838845 469014780
976546 1000000
852913409 112151372 365009283 976347175 875761951
2 2 1384457 503816261 187648928
755667 338116 796450955 764499945 115544837
771810 802324 534852287 446895685 274344738
132750862 264344074 11517015 414002015 415404074
275450016 134509037 883610740 457600680 634521164
981942 1000000
880262385 899988856 22926508 844898017 539626975
1 1 0 0 0
466641 853837 225786893 928040413 135544844
843329 337437 144083999 640923619 231146075
565873250 7371509 679047578 855894921 575886706
400820209 465073844 609122071 153000443 439831093
932890 1000000
824372830 73717817 680872808 666878696 877595385
3 2 166432320 543539689 463237778
180244 611331 741254152 795461 474174591
843131 814246 141968524 115326278 344789071
101497814 313565146 506304882 157725406 374930164
753473203 962803051 574719554 752403215 699890423
995972 1000000
258110255 674837370 32379629 795260416 732845053
2 3 671018016 662752528 515579501
509567 124442 693820150 700585821 741427436
597461 50403 103490940 415472330 883076777
169122906 637949447 683467575 640238001 79289359
43657336 314820944 164564404 362138490 337730204
972154 1000000
577523282 575178448 822418022 730861561 939245260
1 4 81499565 107010794 830689688
33827 777636 649128848 781061490 775935078
43081 873404 930560455 269429206 284593449
948208628 352083807 836860133 75317297 996439728
281618720 860533574 124401701 262349484 718988052
912682 1000000
714208162 613392265 864003436 920031829 427054631
1 2 264997686 998955637 332388490
605299 193534 449364945 960721872 467593450
30314 655434 958248846 790474125 454110747
709256571 441220358 754475559 973627503 947752770
885065464 525550128 274327970 143824877 62877393
956924 1000000
51095441 313289659 649465539 456130649 408963609
1 1 0 0 0
875096 739647 714120467 723295325 890447386
946507 209436 666348554 246289261 708778870
94345202 674834966 867744145 623205541 521338656
46868145 452266203 639075371 585235859 603182518
100 100
1 2 3 4 5
1 2 3 4 5
1 2 3 4 5
1 2 3 4 5
1 2 3 4 5
1 2 3 4 5
904591 1000000
554982892 373573367 922146736 707854248 822645329
4 4 638886729 244454287 698827306
899994 594343 353405505 98894121 947887315
254978 111830 303580244 955073882 932618749
28844854 675376673 337269551 311517877 997731907
173206356 617972131 496433256 366513278 230368631
930635 1000000
204475362 915346136 406646565 511312109 42625873
4 4 816311596 603109620 502430332
353456 285057 726523403 87417413 108299141
685296 491520 770475713 522210757 354653583
998663351 491848178 361509895 584697951 536074841
925618831 455002126 511395219 605770603 197376351
1000000 1000000
498739731 652692370 92527142 630164333 827173323
2 4 221918154 795993158 180611016
549639 16189 736966428 726669695 128464987
659171 682863 366424360 498854407 678356061
264933094 396421372 190528368 762333171 761062165
203628859 562735104 901455387 380159989 865421384
943366 1000000
793511166 170861770 907590452 906025948 18412458
3 3 457630594 282444998 708887325
368066 747579 765170049 791426000 36004587
151483 671742 242860270 680758825 687586642
222732704 28762040 438005562 394298416 85948438
5749047 109892402 378784511 804914502 587959393
1000000 1000000
970786397 341359929 949142379 637628672 961847235
1 1 534825141 195100842 752495293
878066 917394 380687037 95375099 858967487
156093 834792 710462732 755089209 952606605
242589480 464779043 154544656 136019767 240291524
797978896 834371688 876626059 827557409 585964564
909199 1000000
544884025 452281650 381575596 785160109 101955801
3 4 407098366 896673500 143275571
457837 833177 592316979 388557565 917758424
719808 512290 998230074 368907101 571061975
881715050 561636634 5116700 70111697 414073622
630357511 323389790 704741608 567149626 856471526
951812 1000000
991114835 790646864 58474515 33662438 242032392
3 3 227412205 205307371 967962993
91215 898823 423598582 393606934 860551758
303709 167007 408922808 55550796 564410536
155844943 740438566 889486246 90674385 298941373
214706847 37206272 453285943 281662186 20302021
