1000 500 10
419 -896 -278 -367 -939 552 -607 -618 -618 599 657 478 -793 6 -282 586 807 -233 -579 470 272 4 835 459 198 -761 -152 970 388 -229 152 938 -65 -40 -458 -997 883 -223 944 984 407 169 -757 -656 -552 -525 -373 69 588 -541 914 -229 -941 -684 121 614 -195 466 407 -823 664 -114 -579 -676 974 -720 -891 734 139 -521 -965 -134 36 128 -556 821 536 -85 -603 -170 875 415 -386 885 -895 938 903 -570 -539 685 -541 -40 -883 11 -300 -126 -518 574 -170 7 -999 820 851 -137 219 326 340 804 -228 320 26 -842 -73 -61 891 -446 301 629 -661 658 479 524 856 919 394 601 -538 942 -482 922 293 -325 216 402 663 -293 900 -820 82 681 -941 890 -112 -933 660 931 360 -641 951 144 -480 138 274 -736 -857 375 -867 -63 -38 865 -526 -853 -484 725 -100 -496 650 -460 -634 -26 272 -86 813 387 665 943 -883 308 -617 431 798 720 541 568 -39 -608 194 201 128 -270 -577 860 791 494 703 -770 810 -183 210 -68 88 -343 833 -881 371 -1 -206 -319 -554 -69 -931 650 563 -937 56 771 454 -356 331 -849 986 -766 -271 414 -814 -203 -508 -193 135 -316 -225 -598 -933 144 -605 -356 897 -300 -598 -669 -638 31 775 -644 -25 -164 353 -537 -945 561 -43 690 -719 -140 -391 -826 368 -840 713 -432 -222 833 -874 431 683 111 -836 -346 792 -887 -256 -760 124 -873 -888 -452 303 640 910 -478 557 531 -322 -676 219 284 332 -653 261 126 -368 578 -865 -387 205 -18 -963 -703 -697 705 -398 871 -853 693 -999 452 -557 595 -607 -494 -536 751 832 343 933 -567 788 58 -108 584 -276 351 -290 808 384 732 435 518 -200 -700 -190 831 428 476 447 58 246 880 -112 -563 -801 880 -426 -849 934 231 -880 595 425 -274 -300 -621 -227 780 851 -406 262 -506 528 -481 556 881 891 116 828 662 -71 427 567 347 -176 291 -185 107 686 685 -309 -572 -776 -576 167 -570 -226 958 -702 -680 154 -414 355 533 804 -502 -350 -245 839 780 234 260 765 -242 -906 -227 886 857 11 419 697 -452 799 212 -58 -109 313 24 427 -327 -712 -987 -832 -790 -125 -949 3 521 -469 899 413 -241 -148 -450 955 -479 -145 -509 472 -978 265 422 -982 930 423 453 312 164 581 687 456 -105 -450 712 -360 -384 947 554 601 -775 601 -659 -289 -219 -924 133 -234 -164 741 165 -256 66 295 81 143 292 -712 665 838 -71 767 -972 -168 -596 -71 251 -229 139 393 -912 622 331 -443 -531 -449 950 394 -714 671 -882 980 220 127 367 
pop
pop
pop
pop
pop
pop
pop
pop
pop
pop

