Sample Input
3
4 4
1 1 1 4
1 3 1 1
1 1 2 1
1 1 1 1
3 5
1 1 1 1 1
1 1 1 1 1
1 1 1 1 1
10 10
1	1	1	4	1	9	2	0	9	4
1	3	1	1	3	9	4	8	7	8
1	1	2	1	5	5	4	6	1	0
1	1	1	1	1	0	7	4	8	0
3	1	8	0	6	0	8	6	9	2
9	8	3	2	3	6	3	3	7	0
7	9	0	6	0	8	3	6	4	5
0	4	7	4	4	0	7	3	4	3
7	6	4	2	5	4	2	5	6	7
9	5	6	3	8	5	6	5	3	7




1
100 100
1	1	1	4	863	789	118	576	142	715	810	977	819	568	509	683	856	913	353	991	65	569	402	380	635	48	24	43	368	5	277	630	982	429	575	323	917	988	816	64	763	603	185	909	618	28	187	608	789	323	635	139	557	69	847	893	705	902	620	204	175	915	47	329	672	984	244	531	884	139	266	940	220	351	926	729	971	186	865	547	519	313	264	402	967	768	765	701	903	329	66	491	344	92	703	646	430	843	646	226	677
1	3	1	1	555	199	282	306	306	343	685	184	361	457	44	313	710	223	57	182	299	835	541	353	77	114	314	198	106	8	222	566	259	17	812	881	570	452	486	126	560	110	494	404	291	990	724	219	753	86	95	13	845	844	966	765	211	698	29	923	332	71	882	967	183	848	509	15	561	350	402	778	583	157	877	16	919	690	413	260	138	600	442	229	769	174	231	146	308	825	311	244	295	840	65	813	340	260	985	313	858
1	1	2	1	242	900	175	959	914	284	878	102	785	934	798	630	875	974	846	410	626	6	924	796	740	670	385	42	731	611	392	545	13	362	915	693	780	94	25	29	319	620	607	451	200	126	711	956	903	857	488	355	242	888	788	853	426	516	202	544	892	661	986	163	888	825	694	472	162	488	324	548	125	570	270	588	10	527	531	994	985	487	694	851	960	885	27	830	616	914	571	548	438	260	871	282	173	989	863	808	72
1	1	1	1	979	483	129	673	38	897	886	769	696	792	180	923	122	615	331	379	560	608	308	650	393	741	639	326	79	438	735	916	541	588	712	407	504	305	685	779	493	230	808	604	860	991	226	146	747	362	507	128	611	507	615	935	767	261	612	966	812	601	867	864	147	718	141	54	832	110	675	450	261	142	792	863	116	781	528	796	233	376	228	951	774	750	764	338	19	995	117	425	394	200	91	297	983	483	45	705	2
792	378	66	824	707	406	127	846	817	810	239	218	830	29	520	222	860	198	844	508	674	35	632	722	476	418	444	466	632	294	666	281	870	565	79	277	163	927	117	677	536	780	598	393	19	969	420	751	345	743	396	225	273	650	619	530	896	399	135	608	39	996	489	113	866	528	69	380	939	650	334	536	708	148	313	478	591	125	402	325	385	347	37	985	868	483	352	266	807	218	734	422	362	174	932	496	182	691	353	887	644
311	648	289	952	441	737	728	687	761	969	607	461	326	335	544	819	711	762	742	96	458	985	883	41	151	960	203	780	506	423	295	22	131	987	791	43	927	416	919	763	70	757	826	651	426	195	167	314	751	588	51	711	783	83	106	631	351	197	238	405	894	197	875	419	487	555	313	526	304	538	316	817	856	414	714	196	94	267	227	716	707	445	959	117	608	115	738	165	587	708	117	647	213	262	910	169	705	670	540	416	804
696	122	770	68	461	857	932	225	832	580	182	64	737	650	755	673	85	534	300	806	465	105	5	613	956	319	349	552	966	181	526	657	897	577	129	102	801	776	590	572	192	428	631	688	41	848	676	378	878	896	781	778	898	347	797	350	399	237	556	794	759	836	302	488	969	995	552	880	392	584	308	237	602	734	221	34	988	75	197	542	564	339	51	624	958	559	836	587	140	313	559	657	970	783	416	499	647	107	125	666	918
329	926	715	640	732	515	580	590	405	219	602	598	630	90	790	524	452	165	182	618	375	502	312	437	478	213	981	911	883	740	753	639	559	387	16	478	452	288	186	327	789	664	97	998	901	68	391	156	159	596	22	753	557	100	528	204	17	145	542	479	722	506	810	203	716	966	399	408	847	367	915	354	381	788	501	293	728	554	536	909	572	793	989	895	361	647	130	166	85	624	321	802	633	606	854	864	982	397	899	123	887
239	623	795	990	984	680	267	631	764	436	17	286	458	541	768	987	795	890	408	686	176	406	559	803	360	968	556	935	42	252	934	922	842	15	641	554	5	448	10	746	348	642	5	560	556	588	372	995	521	567	573	578	320	829	901	298	339	886	333	19	658	881	618	31	427	34	875	543	13	712	631	565	251	185	560	618	50	973	256	589	998	916	143	440	999	209	363	522	208	872	406	189	441	639	964	875	0	795	964	446	336
101	687	272	903	200	614	657	966	217	434	263	786	570	810	29	31	207	928	601	566	666	482	738	460	404	289	228	611	298	500	784	416	497	173	485	710	399	940	925	20	676	6	776	576	316	728	738	880	833	622	969	466	321	952	362	805	499	130	570	14	505	520	515	698	718	806	446	90	340	773	983	779	617	411	59	497	564	530	501	473	964	234	104	757	680	561	725	941	12	189	232	585	38	260	406	27	513	744	709	170	218
808	808	856	722	687	942	199	415	99	111	162	828	710	956	823	172	282	763	755	642	794	102	371	645	758	929	487	751	520	465	95	701	506	729	222	153	921	803	770	79	554	71	289	954	312	644	2	372	863	676	522	43	371	651	10	953	529	552	621	479	805	346	572	342	468	435	456	290	37	533	53	778	202	772	846	93	531	768	178	889	305	840	98	322	391	1000	939	496	632	802	204	623	969	932	565	803	724	320	557	514	517
804	1000	242	378	815	875	994	841	371	89	608	292	287	118	591	252	802	747	347	300	411	765	884	806	64	540	946	475	561	981	296	985	12	267	999	84	966	701	757	349	153	284	665	7	277	584	390	104	21	351	208	627	634	644	847	260	291	665	649	723	134	509	280	81	443	907	860	170	88	75	626	271	582	511	169	795	981	801	471	80	706	573	355	254	838	239	789	720	423	728	665	867	900	941	478	530	941	254	913	479	605
515	102	904	647	259	868	845	957	281	640	558	99	145	21	612	850	823	982	468	632	798	256	369	501	503	169	917	957	296	202	146	512	392	596	565	847	596	827	626	21	109	616	329	316	97	863	145	275	785	581	459	819	172	635	358	41	457	360	601	962	644	692	714	135	17	593	397	201	113	89	826	386	752	918	391	863	370	140	293	805	767	422	29	292	794	433	552	853	447	569	697	389	214	88	79	422	467	854	287	145	541
40	152	901	385	464	782	344	353	633	881	646	71	996	804	576	551	653	180	218	578	384	740	497	606	565	392	269	53	727	727	344	391	944	924	695	673	432	673	297	419	726	973	405	492	501	957	791	369	191	28	678	354	317	711	743	837	559	242	524	626	214	436	15	547	271	944	487	329	768	539	507	462	683	258	351	60	818	513	265	488	997	825	742	640	668	137	949	187	88	511	372	63	200	453	114	594	485	891	416	519	881
247	174	365	22	5	956	347	55	139	416	873	616	889	19	292	626	583	70	855	767	610	670	451	579	161	385	65	171	214	562	98	400	285	601	452	788	582	760	858	143	96	807	83	990	228	600	439	278	336	867	259	563	69	762	255	655	265	674	772	94	911	195	362	596	824	724	115	797	965	822	945	471	769	325	376	541	174	420	757	404	830	413	185	588	532	67	728	908	229	10	399	759	354	418	302	563	774	318	661	929	704
562	963	179	717	622	179	494	566	516	233	989	911	35	32	250	627	623	491	620	715	694	890	895	239	679	674	223	11	114	873	7	193	850	683	580	503	676	544	788	902	297	14	470	455	964	824	727	263	240	939	12	785	516	365	511	949	178	799	138	910	880	192	103	337	937	414	4	297	781	67	659	359	863	673	439	918	787	425	888	617	622	471	392	160	776	456	497	148	225	451	273	719	917	499	137	661	403	867	418	909	306
772	12	685	859	247	974	52	390	948	376	613	504	182	611	590	845	53	773	204	235	834	538	155	10	45	722	562	517	998	579	445	604	76	198	310	506	699	320	494	558	266	626	870	330	83	692	257	943	274	813	775	436	477	188	893	82	442	445	237	127	955	516	943	693	245	763	21	486	87	936	624	393	467	109	77	262	178	446	147	292	645	917	721	63	420	146	28	713	437	452	721	427	736	150	928	20	884	122	640	332	10
734	369	460	724	656	433	404	915	950	38	462	157	961	186	961	516	618	74	613	451	430	95	985	566	455	739	83	473	766	879	237	514	988	212	481	991	483	341	915	784	50	980	371	252	244	693	165	69	759	234	896	558	380	452	384	732	670	693	390	462	232	630	16	487	619	103	50	671	881	261	15	338	11	435	849	217	196	814	85	426	707	830	561	203	273	308	9	582	201	976	663	970	440	655	366	72	76	749	916	540	733
916	732	979	794	624	123	739	698	980	682	131	139	57	247	523	257	530	315	303	490	101	54	844	550	472	280	348	249	151	837	1000	355	802	191	554	161	659	649	682	495	764	682	951	657	368	69	821	368	197	567	993	1	670	827	83	702	879	49	499	586	838	928	981	314	142	721	742	26	160	486	416	634	186	900	764	342	845	651	494	11	320	442	598	458	726	973	284	457	322	574	676	689	187	331	108	972	338	164	314	815	620
958	926	754	271	843	394	144	153	579	850	234	984	955	476	798	984	537	875	595	806	305	312	506	133	684	89	799	81	63	112	823	878	285	237	963	190	183	151	71	91	697	322	861	592	450	929	539	929	823	160	980	187	405	565	516	864	769	376	817	352	793	863	692	546	260	20	918	611	610	344	477	453	8	344	723	86	185	134	303	572	563	457	556	187	259	526	932	449	402	302	835	607	486	932	298	456	86	101	67	261	553
194	255	279	219	30	507	679	715	406	18	486	906	733	338	41	550	66	675	849	81	229	310	272	679	456	68	974	175	69	507	453	732	901	301	941	472	799	925	251	682	697	439	150	292	500	892	888	811	984	443	747	304	215	608	589	231	687	600	790	518	77	121	225	823	353	975	355	645	888	168	572	775	821	334	517	708	702	917	699	501	831	280	669	85	998	201	254	83	67	872	217	324	623	522	379	767	789	309	728	538	635
146	126	14	592	436	482	685	328	98	80	829	36	725	120	434	75	268	821	894	300	400	745	132	998	616	490	645	787	846	652	334	455	5	265	404	642	513	407	737	638	356	46	617	1000	331	971	721	817	990	479	378	963	826	432	686	88	1	727	618	137	726	385	187	532	341	42	311	80	328	160	620	96	367	2	601	970	313	911	760	837	753	562	205	52	150	735	617	927	237	529	442	670	74	101	708	287	660	281	449	887	706
270	663	457	965	473	800	347	43	828	870	599	911	882	850	674	880	868	178	396	938	542	72	962	583	668	189	18	260	453	607	903	232	500	63	603	403	358	59	71	661	553	737	832	118	41	79	877	292	683	230	339	897	469	296	604	856	906	122	696	702	113	126	226	445	951	282	818	753	447	24	599	365	439	946	437	411	438	875	869	895	546	625	671	232	58	900	767	880	141	514	583	485	132	362	350	27	120	823	279	809	977
235	501	433	831	991	21	346	527	226	600	284	709	535	807	535	488	747	501	384	387	895	35	698	168	785	137	927	723	662	43	907	828	159	474	422	476	1000	259	511	557	624	218	90	84	222	921	397	619	622	129	518	411	94	183	94	100	123	200	386	41	904	728	25	601	358	439	464	95	370	277	389	420	708	422	261	322	748	337	726	558	899	938	717	579	751	23	337	342	812	990	792	828	606	491	784	928	405	992	248	756	224
602	344	937	140	71	107	117	570	946	987	611	730	771	242	188	324	19	10	458	515	222	913	548	42	347	968	700	948	719	839	755	479	458	794	242	857	323	613	82	504	736	947	190	953	908	459	517	629	743	556	953	407	343	349	173	852	74	739	234	671	35	991	58	911	647	280	782	924	843	114	254	886	775	290	2	688	943	532	654	501	595	403	814	478	600	581	224	358	564	506	397	44	873	9	902	447	986	76	170	764	817
716	823	217	116	53	675	181	360	300	249	748	968	471	529	412	600	243	744	843	558	135	807	943	98	432	479	760	769	699	500	217	503	329	664	254	186	584	327	605	436	546	660	121	528	795	464	518	695	591	142	163	512	223	224	60	51	490	234	522	857	912	867	33	475	41	901	748	249	412	169	734	940	36	882	178	503	680	206	859	863	146	133	390	187	60	328	548	486	117	607	22	623	81	961	893	925	257	145	720	56	164
115	714	149	395	484	844	111	397	136	623	446	541	989	4	570	10	498	695	648	354	287	92	68	916	855	143	74	875	613	278	114	764	955	342	243	944	797	490	377	515	390	71	397	854	577	152	247	247	72	86	118	708	632	817	545	850	561	775	378	10	387	950	766	556	718	216	649	375	533	917	670	469	833	860	944	392	404	59	663	110	575	589	523	456	644	80	171	706	908	334	489	730	95	670	555	587	384	97	209	977	676
493	365	522	964	972	7	382	590	639	159	109	381	719	122	924	903	253	15	308	742	186	34	454	178	224	332	652	54	640	389	37	605	886	59	109	203	973	134	525	612	297	406	246	397	217	696	976	182	726	374	332	617	716	292	786	381	176	300	652	783	531	567	162	33	816	90	685	270	507	189	712	894	398	255	710	240	960	459	109	869	259	416	849	566	292	172	788	685	3	395	735	605	153	176	184	500	887	695	182	960	596
953	811	619	454	774	381	867	607	39	169	870	609	483	918	911	157	889	386	168	898	619	469	826	42	730	17	801	822	201	620	441	301	141	751	602	479	762	34	348	70	542	683	850	89	722	256	309	762	435	24	920	867	520	748	152	738	92	576	533	361	125	691	418	188	587	384	211	878	775	597	806	935	369	615	845	368	33	868	367	125	906	144	809	125	219	980	894	744	724	310	843	351	540	586	112	849	816	687	342	680	751
889	985	207	114	185	803	578	651	853	597	69	124	109	744	564	121	864	600	409	321	152	316	278	686	769	774	307	356	539	14	728	784	554	168	357	727	323	345	364	346	421	256	39	821	51	181	320	827	299	916	634	363	334	737	223	697	739	534	811	68	652	634	839	396	559	363	645	840	984	777	774	572	410	301	780	516	419	45	484	221	372	895	509	477	821	573	864	501	191	409	900	317	216	8	676	986	515	531	764	273	82
571	370	73	48	230	481	269	602	87	210	58	884	127	129	263	801	824	750	262	194	213	532	57	481	911	344	956	448	759	155	637	667	839	728	831	12	749	795	116	140	271	802	293	781	782	755	646	662	707	385	860	384	230	958	214	144	918	394	846	807	90	444	622	401	807	161	93	77	439	696	974	797	18	204	589	473	215	789	352	936	185	259	742	130	609	519	400	450	746	253	992	726	678	8	349	20	16	768	900	122	731
474	522	148	481	630	98	253	985	137	713	386	980	144	118	814	986	344	909	142	198	324	631	641	816	206	236	42	290	702	433	218	895	317	682	382	533	110	517	264	512	427	365	364	429	15	454	851	634	490	327	344	540	563	311	102	347	106	574	833	503	359	964	33	570	913	78	963	273	760	948	480	928	619	323	764	74	733	77	705	272	630	128	116	240	256	402	937	515	464	181	200	911	702	571	319	303	637	57	107	405	163
324	664	278	148	801	559	124	573	565	525	534	152	489	618	923	636	339	287	97	310	562	10	268	658	681	558	663	360	513	870	278	888	868	157	932	531	576	379	897	939	463	867	109	611	866	4	774	894	496	951	807	143	425	167	660	673	945	710	487	193	374	247	931	929	869	846	846	661	686	846	227	739	993	27	463	178	810	652	574	42	322	368	701	993	912	76	530	552	455	914	255	941	33	310	986	186	558	1000	593	244	340
660	709	242	682	243	209	892	274	62	20	819	679	96	765	612	223	530	929	968	444	739	673	37	947	148	260	157	626	35	806	3	348	696	723	524	721	252	928	256	42	908	580	64	358	859	299	984	322	150	912	328	851	896	467	659	969	288	216	239	547	206	355	93	756	578	156	491	649	474	814	811	178	438	776	497	517	593	590	731	6	23	259	879	834	698	831	878	175	549	975	608	116	109	419	366	37	501	833	932	493	384
237	74	686	581	623	860	469	129	18	704	545	166	50	355	55	431	246	285	502	220	329	159	380	163	810	729	746	95	790	284	812	840	171	769	302	537	650	485	396	635	241	592	41	828	781	878	7	440	879	561	307	294	561	922	350	225	455	635	380	459	711	185	489	994	926	654	575	345	618	870	793	68	985	473	743	505	150	269	40	190	966	633	833	315	22	468	889	447	369	852	407	51	671	319	189	741	765	734	955	37	50
310	980	462	188	955	33	971	600	715	753	917	73	547	883	714	61	299	576	384	298	310	968	422	602	666	328	339	634	340	427	155	358	510	506	971	325	100	369	324	190	354	101	669	973	323	423	642	984	457	674	981	999	870	906	576	963	740	389	241	264	627	3	491	161	559	975	240	646	868	883	362	585	287	898	16	876	790	68	882	414	428	159	951	684	361	226	931	777	791	166	173	353	293	461	139	180	244	818	718	947	77
128	181	796	261	63	789	87	728	188	216	932	963	802	697	742	953	382	351	527	35	4	860	938	337	618	829	209	455	237	475	419	433	697	222	133	149	595	294	344	549	477	844	880	267	300	263	639	808	211	272	638	911	132	557	979	57	723	967	103	361	155	929	410	862	602	216	946	922	367	813	785	549	134	530	911	897	660	443	24	895	466	17	197	875	448	741	504	731	5	926	101	520	125	378	888	105	914	747	571	570	235
135	875	98	835	490	807	346	358	50	69	405	447	73	674	781	150	167	761	674	694	135	605	878	401	223	309	994	471	746	587	961	981	890	961	329	854	828	952	522	984	515	365	255	385	255	162	380	945	886	453	161	416	891	127	255	396	568	563	292	451	160	12	405	131	713	158	843	306	185	220	373	719	559	536	774	639	534	375	316	922	983	535	394	180	966	199	941	546	494	622	606	458	513	854	82	842	162	785	91	218	523
166	529	175	227	260	637	76	6	324	976	729	490	571	886	677	991	435	508	657	142	686	12	416	610	227	398	263	237	379	767	91	69	921	657	215	459	881	885	799	338	353	111	177	657	38	7	284	502	840	562	107	512	247	949	2	273	194	757	181	207	514	378	718	999	183	853	43	565	341	264	185	353	605	360	77	6	298	187	989	20	893	505	893	777	395	514	227	270	234	440	777	471	622	284	467	131	585	450	110	322	946
968	449	803	803	237	507	711	540	15	230	948	275	38	310	247	143	326	883	48	37	414	413	527	47	662	181	469	116	156	652	635	743	894	746	556	489	157	440	972	316	222	514	293	226	315	515	132	427	950	815	844	551	728	742	511	504	755	409	300	980	183	764	838	744	625	161	876	693	168	248	112	209	660	944	971	921	14	997	203	217	975	245	20	232	184	194	190	197	789	726	331	986	108	263	15	13	94	241	383	117	417
286	539	199	616	37	757	244	807	354	220	124	767	741	805	169	0	911	633	693	367	756	433	286	814	375	905	81	9	794	255	476	401	885	196	518	127	494	850	611	118	169	264	826	331	317	751	687	64	58	90	961	676	418	764	612	476	468	268	629	983	401	534	544	525	954	597	299	759	355	366	299	417	327	479	263	631	556	413	497	294	496	291	85	355	994	147	557	403	375	869	43	614	577	512	998	545	466	230	493	879	565
863	979	317	62	256	315	878	966	924	350	569	448	491	77	840	741	483	515	340	545	947	828	221	941	899	431	270	222	902	943	379	153	281	94	417	910	728	196	455	201	954	216	493	228	311	839	639	716	345	872	240	83	393	817	570	802	468	563	973	672	510	559	259	873	240	522	938	460	362	76	399	526	234	38	723	357	143	377	185	361	392	752	937	241	165	545	773	383	208	747	52	170	343	313	455	889	181	280	678	461	90
82	359	314	947	765	318	259	433	873	54	650	496	907	728	875	324	899	402	952	99	391	244	84	727	808	26	791	877	253	600	99	298	63	213	773	193	947	729	492	930	170	294	213	155	253	305	723	618	26	654	697	428	409	306	92	77	691	843	847	125	417	157	546	155	376	326	322	344	908	887	181	284	653	258	18	186	785	342	350	1000	933	459	527	229	310	775	584	469	164	361	913	518	252	572	801	147	64	409	324	891	904
168	656	510	136	891	438	426	401	504	990	595	992	575	676	69	545	869	931	148	740	697	299	65	793	16	632	457	397	94	252	596	731	163	949	967	427	841	905	540	920	13	664	229	743	798	911	679	785	469	465	702	535	798	548	290	497	968	201	770	2	479	211	26	69	388	526	879	186	297	294	14	795	191	389	940	262	43	758	542	689	212	309	114	607	205	805	915	168	528	231	26	318	214	233	609	917	599	426	672	56	799
872	853	560	125	521	524	97	448	111	363	365	295	91	218	153	436	859	307	183	917	718	427	943	670	120	359	778	620	648	840	267	893	721	483	994	732	109	498	469	483	316	138	82	822	937	593	845	111	691	932	487	387	760	746	304	946	615	435	59	902	424	254	960	754	917	125	622	355	680	964	385	658	672	744	805	385	502	336	6	370	96	247	474	630	232	464	331	560	601	906	634	990	379	907	551	53	91	319	584	128	342
806	960	274	639	118	548	583	645	736	725	214	267	787	966	611	15	167	540	262	230	793	655	530	501	983	896	473	684	874	624	819	892	901	474	504	412	238	953	798	931	499	391	836	665	883	658	974	496	455	140	105	929	764	333	313	65	393	240	594	382	853	395	821	792	210	645	215	693	652	935	354	504	778	862	496	714	205	32	715	139	785	216	445	274	942	906	258	626	177	584	150	103	907	65	553	67	321	103	987	359	665
909	364	978	916	518	689	94	559	893	284	559	556	946	314	531	927	31	593	982	390	228	950	957	584	183	796	38	89	575	932	613	944	835	433	269	352	111	220	339	135	802	42	992	118	473	663	324	802	915	146	314	834	10	783	510	656	539	131	107	971	786	201	91	878	278	697	264	949	546	529	233	592	736	249	797	932	664	351	707	316	642	569	521	56	673	479	329	336	644	681	480	294	343	46	28	437	101	2	355	90	214
506	853	774	867	522	803	955	262	263	192	865	708	493	443	29	2	465	627	434	642	212	664	312	374	88	780	711	908	854	272	657	119	816	836	577	738	318	854	504	434	881	733	622	374	269	43	992	958	392	518	569	436	902	447	129	531	51	296	270	877	449	109	274	200	282	170	634	928	682	969	29	920	497	926	55	39	333	156	723	895	20	609	544	348	136	111	449	172	430	956	403	593	181	836	922	506	822	808	328	120	792
446	504	884	901	289	149	163	110	445	285	777	817	932	753	684	507	465	202	525	860	361	283	278	36	26	399	437	211	909	64	486	211	439	686	121	715	441	872	914	870	412	880	151	656	995	49	297	29	710	951	28	145	720	101	616	400	911	575	294	356	155	16	730	111	507	80	941	65	965	991	897	390	375	445	411	682	573	854	475	574	238	968	524	101	746	403	915	745	761	691	899	486	757	765	944	730	581	941	290	184	486
632	847	270	251	512	470	525	958	146	840	669	823	315	210	223	323	827	577	897	122	965	607	844	157	405	144	373	289	671	303	899	858	431	599	730	499	493	152	639	76	565	271	794	992	15	239	748	555	385	515	774	419	992	404	211	164	39	430	462	222	236	206	995	65	121	859	859	43	968	556	265	924	481	467	299	340	269	86	655	746	776	437	997	91	355	646	420	36	604	898	57	957	279	646	856	337	710	955	380	630	144
348	346	270	803	376	693	984	962	929	704	940	384	811	400	244	207	0	622	714	777	850	788	393	446	661	23	511	503	96	91	378	484	880	246	571	6	3	988	572	448	293	32	476	108	135	246	34	975	165	369	137	300	749	772	270	844	228	388	505	19	968	748	341	155	52	152	252	702	34	753	104	954	133	710	61	252	244	675	642	106	286	629	757	127	580	735	157	319	936	148	137	572	887	799	12	360	867	325	685	230	886
92	9	420	443	331	590	953	641	894	32	918	822	695	151	833	129	932	368	1	124	960	25	703	379	62	899	60	219	929	733	323	646	476	536	984	151	505	202	121	374	240	165	463	278	128	697	23	219	706	162	215	169	366	483	578	83	797	818	970	654	903	473	461	774	317	154	107	32	856	654	556	67	422	939	760	314	715	917	27	768	663	348	420	842	590	244	515	162	199	842	44	635	657	749	15	582	79	111	349	538	265
407	83	834	546	673	562	250	320	728	425	855	849	709	938	390	995	301	456	419	263	416	910	488	13	120	570	711	172	186	930	810	198	958	24	138	874	710	842	93	828	194	421	575	723	991	172	384	474	693	8	983	226	806	960	403	774	212	9	432	981	191	669	550	423	8	713	470	80	283	274	173	153	402	412	211	976	73	922	286	754	216	475	510	759	89	273	403	701	540	744	436	233	901	142	184	585	482	276	149	613	555
516	372	255	99	434	477	587	448	130	91	555	999	686	165	910	525	339	874	63	154	667	958	506	456	206	128	660	262	912	868	856	636	972	237	939	357	195	245	54	240	790	482	613	640	623	486	896	70	175	69	949	101	117	349	457	199	470	216	503	815	619	702	595	379	820	37	539	990	960	266	456	630	810	301	722	844	33	23	906	58	215	678	783	705	391	342	397	932	652	738	114	771	62	105	322	726	710	34	718	82	280
126	452	158	274	849	524	637	627	937	13	18	765	610	279	804	919	373	733	42	283	982	37	517	905	72	944	559	896	692	923	511	796	790	246	131	496	619	521	305	394	650	808	843	632	105	458	403	848	142	495	291	117	152	385	875	132	240	524	638	167	846	922	379	271	173	950	866	611	483	269	559	716	921	345	532	813	129	152	912	972	75	6	991	575	284	782	99	835	526	423	607	42	352	694	163	494	433	131	526	472	383
595	842	798	514	24	647	385	417	777	96	82	437	755	214	590	265	343	600	681	836	26	170	755	791	556	402	324	892	579	959	455	927	833	48	880	994	445	137	402	719	565	670	128	9	804	448	652	579	81	762	837	87	793	161	992	579	365	939	636	349	805	773	49	180	415	243	659	325	122	929	639	159	792	923	672	950	329	757	20	658	427	320	349	890	903	839	795	411	732	53	584	466	112	628	714	218	827	304	583	135	279
772	353	503	963	231	536	967	999	315	754	865	416	473	64	424	256	936	565	450	513	759	271	501	464	707	256	966	88	690	835	462	117	619	885	830	687	118	542	191	35	265	399	894	970	45	915	720	712	867	228	363	434	497	997	66	876	566	227	279	986	597	726	79	332	818	899	929	341	326	546	737	78	249	976	125	122	973	815	989	593	917	760	645	473	470	522	987	11	940	423	246	401	618	623	538	617	932	609	115	514	157
134	727	756	60	499	450	96	758	263	846	309	339	913	10	834	443	53	225	404	505	92	821	958	665	710	905	75	143	268	532	687	30	197	359	891	2	517	260	841	282	491	930	221	657	855	216	210	383	685	253	91	295	824	330	341	435	449	331	932	759	495	48	611	219	863	552	27	604	373	877	273	666	241	202	297	792	686	59	189	793	850	511	184	291	600	156	169	590	865	879	152	643	698	789	393	870	280	873	785	853	866
715	643	95	452	784	208	968	245	162	501	164	359	286	872	107	605	239	124	397	166	801	44	716	878	321	252	870	137	858	524	441	682	457	95	813	982	297	69	587	704	6	388	750	936	194	583	541	631	370	985	692	567	185	884	171	633	238	796	62	678	700	675	577	511	60	897	977	314	354	903	274	213	392	231	338	622	728	504	309	876	695	778	676	569	302	13	104	765	953	541	136	81	959	342	269	175	931	265	216	528	678
715	734	703	843	341	913	248	847	502	637	568	445	528	851	415	830	550	450	726	484	36	11	396	724	907	61	998	434	903	311	910	849	887	489	965	191	396	354	832	396	612	805	621	79	699	705	512	248	209	221	929	875	533	205	444	569	590	236	589	22	687	544	531	425	558	988	73	977	892	631	79	59	513	730	535	803	197	287	737	472	606	801	116	12	600	655	765	777	834	494	332	319	792	135	374	141	855	478	748	276	70
413	845	470	704	268	256	781	785	475	221	569	903	313	955	336	383	110	613	583	249	624	976	100	268	932	306	415	109	186	991	920	61	71	802	733	200	316	332	547	487	304	311	754	881	751	644	546	940	805	531	626	537	848	59	313	562	474	642	951	848	608	149	821	892	185	438	149	949	548	154	372	915	496	483	692	181	931	505	246	546	499	283	539	572	329	8	560	241	670	356	361	73	212	60	818	825	725	343	522	734	584
103	543	982	637	850	706	504	753	177	660	725	594	353	188	941	886	569	292	965	679	139	961	649	352	127	437	367	775	438	206	946	354	128	621	465	31	566	679	607	651	472	871	753	680	11	957	349	725	933	237	839	500	466	470	822	802	780	993	646	660	507	285	421	672	41	81	341	337	933	884	868	684	631	708	738	316	590	749	214	184	472	995	419	851	480	616	810	567	339	895	865	786	728	455	142	729	70	11	916	324	710
883	857	35	307	847	29	324	73	18	235	839	662	258	187	474	184	806	152	428	499	339	232	401	776	800	710	140	99	750	786	852	892	853	128	525	882	645	718	453	8	908	292	742	184	815	848	949	153	706	126	854	893	844	202	33	761	840	672	731	380	386	122	208	931	243	358	517	707	185	371	506	87	777	100	713	625	595	991	662	692	901	864	686	611	198	637	726	594	821	491	12	145	532	440	708	434	461	23	406	641	252
785	345	27	739	192	809	40	422	839	154	368	400	785	126	970	286	681	102	444	475	439	858	276	766	875	351	819	188	890	969	921	684	481	791	102	715	200	209	511	333	345	221	384	282	314	958	662	100	431	565	346	540	893	771	669	997	890	122	274	303	893	823	985	863	272	697	799	734	761	17	722	755	767	136	746	543	747	584	493	356	738	988	802	478	217	571	629	697	814	633	564	287	618	964	307	935	545	425	269	152	40
605	169	836	436	29	747	582	324	625	790	96	749	925	254	416	856	38	434	328	720	112	805	415	775	323	230	216	268	454	167	677	123	236	175	314	421	255	278	531	233	561	120	733	224	730	136	175	204	450	710	807	732	493	816	119	140	680	472	32	839	429	536	342	40	517	267	219	433	565	97	681	797	869	749	101	523	884	202	552	726	692	360	983	703	958	319	51	993	676	979	31	282	537	262	109	615	141	854	354	45	673
856	410	112	618	318	473	73	909	924	868	292	744	116	984	887	600	242	878	791	208	996	30	545	239	926	275	706	172	113	362	84	454	421	354	917	10	50	972	659	360	881	142	855	411	680	217	864	704	500	873	403	301	835	159	255	434	408	913	247	128	470	686	631	38	854	482	754	397	83	92	487	628	768	708	555	17	274	794	40	336	478	38	782	220	635	470	80	815	187	272	466	139	167	974	531	467	185	367	275	138	65
408	8	886	873	497	126	454	23	83	42	168	863	219	170	36	81	833	888	310	513	924	13	980	903	276	597	279	304	161	889	265	882	210	10	750	722	332	267	934	638	284	399	825	735	656	742	541	1	242	744	789	69	573	171	63	600	187	257	37	59	509	691	615	22	840	265	763	317	304	642	721	544	875	59	954	817	590	571	415	969	51	193	72	609	119	500	44	433	186	41	868	734	644	906	506	772	533	472	477	484	115
704	527	990	555	28	68	994	283	897	573	413	71	165	352	652	377	784	440	934	988	188	602	998	796	766	236	363	775	769	201	666	852	244	560	543	578	983	938	794	712	461	937	116	586	496	348	560	220	36	116	745	655	310	854	634	846	436	952	49	925	683	676	506	455	870	476	278	482	309	581	893	782	111	787	291	436	824	912	17	413	848	651	112	948	597	382	377	23	976	777	248	188	805	302	953	838	30	183	166	765	126
522	59	362	739	736	248	619	890	287	43	750	686	334	147	354	11	395	213	427	991	598	705	503	802	349	249	355	326	677	235	814	238	454	918	645	480	868	538	203	900	49	680	539	188	20	971	773	584	147	81	600	401	457	4	457	874	696	890	562	901	489	535	729	42	793	155	633	70	140	159	392	913	536	922	969	942	785	980	454	306	440	893	822	264	94	567	883	673	416	58	431	390	685	458	434	472	459	706	476	178	996
812	860	199	515	734	568	841	227	488	178	933	626	373	954	567	653	588	22	475	702	874	805	287	523	222	152	913	855	142	654	214	705	614	176	127	583	532	753	428	613	844	666	38	483	641	700	826	763	474	625	595	504	246	148	932	319	323	236	611	5	900	448	292	731	826	19	553	268	198	932	253	616	436	307	926	235	295	535	548	795	183	577	278	223	191	508	406	83	130	759	762	684	869	596	363	934	219	598	14	309	321
751	969	584	92	397	213	906	575	517	274	230	880	472	146	412	311	109	93	986	218	371	446	781	3	276	774	26	169	775	626	936	658	639	175	119	601	120	840	604	893	93	60	236	103	9	684	957	363	122	604	665	367	951	795	34	701	707	776	998	233	704	166	632	49	326	149	407	970	694	551	302	95	41	792	397	681	887	495	380	620	928	355	386	927	467	770	288	200	539	385	544	488	914	563	433	812	386	618	864	591	163
618	650	817	329	798	506	265	947	216	952	449	681	906	596	180	992	470	843	922	726	465	371	226	455	677	838	398	467	132	398	387	145	185	564	153	211	851	337	411	738	638	686	898	870	801	991	159	948	232	499	7	263	562	485	382	240	604	477	102	570	832	603	187	697	536	456	657	370	521	371	250	696	840	672	643	271	117	328	970	361	494	959	37	116	927	320	954	429	819	98	345	738	404	595	313	913	189	553	89	281	553
506	396	299	405	66	201	719	414	497	83	109	404	705	221	514	740	634	428	804	74	338	284	60	689	338	856	458	908	140	762	950	450	813	39	988	744	220	369	121	202	264	491	916	255	319	222	363	738	61	509	383	596	646	903	522	162	463	214	575	691	993	247	1	618	0	644	439	451	103	841	651	663	632	567	529	489	721	357	931	50	756	561	231	435	859	735	39	204	33	725	454	546	828	226	821	745	891	494	339	110	776
61	460	859	747	385	536	611	374	710	940	117	405	47	950	759	220	889	169	571	396	45	641	975	655	486	909	622	809	8	352	759	299	873	162	55	857	874	238	648	847	293	541	112	899	483	602	568	713	196	755	140	384	149	696	443	998	42	603	365	371	269	692	225	652	667	594	608	989	393	761	638	755	726	920	315	277	610	216	956	204	73	958	376	714	426	922	715	912	989	233	19	200	139	502	739	807	933	122	635	72	413
260	729	111	618	953	167	677	757	470	213	382	34	796	955	311	568	208	604	497	450	792	922	694	202	384	923	719	479	323	486	192	92	787	196	427	4	761	916	600	186	468	79	786	37	919	862	791	768	41	687	412	288	465	258	422	555	350	966	301	747	817	524	356	558	203	4	483	574	372	786	248	304	255	387	2	975	2	978	628	637	726	170	539	819	270	402	528	887	455	329	480	940	362	241	844	939	405	39	906	138	1000
317	230	228	465	117	160	180	228	763	876	99	355	729	181	700	357	70	923	418	296	88	726	466	453	78	78	769	732	424	187	742	105	804	58	72	452	54	650	719	827	311	557	846	508	897	710	124	832	3	141	676	685	852	924	296	260	147	408	388	548	953	578	208	732	865	65	466	191	542	3	205	507	685	992	130	827	190	265	355	527	673	374	558	868	446	751	300	757	180	834	871	656	219	986	263	28	83	921	305	679	934
872	659	436	460	831	646	734	145	115	880	813	517	704	271	943	648	189	522	804	422	55	913	505	52	876	284	660	718	341	797	36	396	980	566	111	674	250	604	159	754	696	174	441	721	424	679	539	720	726	407	956	756	170	87	940	495	690	781	148	453	705	578	253	0	692	187	320	501	367	38	180	469	231	943	751	138	52	476	665	100	751	462	203	200	318	31	565	835	972	466	188	944	676	559	134	852	109	749	736	712	465
344	442	999	600	794	953	19	391	881	362	234	345	24	446	645	646	228	482	506	696	885	999	622	469	587	199	977	702	861	631	371	118	900	999	861	772	308	502	545	643	582	841	549	852	320	260	262	558	278	210	778	730	273	199	639	0	155	440	378	368	416	706	220	531	619	817	469	403	874	556	239	870	8	526	897	524	815	161	567	532	149	312	883	765	383	822	727	603	979	418	876	62	186	25	545	101	837	701	113	429	969
257	602	158	630	147	556	630	956	544	222	623	236	374	812	71	70	719	141	281	652	146	594	729	164	731	158	212	961	756	944	921	8	190	755	191	99	958	303	189	870	359	727	824	991	288	366	141	940	541	632	231	865	486	757	851	550	296	647	300	30	143	701	540	804	967	846	503	941	191	376	515	484	195	118	724	555	845	420	436	252	401	351	801	172	577	178	798	6	772	331	499	267	529	687	90	648	129	192	162	109	27
720	990	273	354	100	262	175	264	149	677	57	432	202	202	548	268	544	672	844	509	392	665	684	737	133	364	291	989	581	858	942	818	137	615	453	765	4	18	21	840	523	314	670	815	21	102	146	581	408	829	837	956	164	816	743	455	57	99	430	410	993	399	217	752	356	411	767	955	925	382	236	382	605	500	149	608	110	148	882	333	674	584	132	164	438	592	862	176	318	402	261	331	496	0	800	307	762	314	788	138	347
62	46	923	637	520	715	763	680	548	308	593	631	903	212	588	561	81	469	502	586	266	150	176	648	844	514	651	626	95	581	836	294	137	349	643	621	550	194	436	754	580	326	732	235	417	622	155	297	944	337	429	778	177	740	497	716	872	671	75	707	38	83	389	671	937	824	357	131	140	795	160	781	851	876	5	426	263	508	232	417	841	375	961	382	88	379	39	236	495	687	416	634	353	490	180	224	406	711	30	720	477
172	586	466	985	858	158	498	547	519	128	846	271	403	656	43	932	484	121	349	43	875	939	932	481	797	990	389	328	480	569	548	423	625	635	937	505	453	143	445	475	521	372	567	716	203	338	48	490	73	700	505	258	559	881	297	665	625	928	492	615	231	915	55	670	548	830	815	903	861	425	751	957	883	904	26	546	487	807	620	550	296	147	591	38	545	226	446	743	685	253	15	547	58	412	403	593	780	865	302	101	75
944	125	141	47	34	547	57	664	142	722	675	465	925	862	396	521	913	572	906	285	605	661	979	710	520	841	486	965	833	687	197	235	724	393	467	184	537	404	530	681	61	493	544	893	336	959	68	545	346	0	453	966	341	537	406	660	25	875	400	319	863	812	706	439	272	173	642	90	195	200	604	222	303	524	329	287	843	572	848	705	350	453	195	948	280	374	49	10	623	577	806	921	265	168	629	747	231	875	197	367	816
941	350	610	583	804	719	63	834	53	983	152	93	825	165	897	372	730	328	767	537	354	319	900	95	625	167	956	687	839	220	650	772	562	138	28	514	573	402	5	533	505	710	685	980	169	490	294	976	746	322	352	399	50	924	388	113	627	814	21	68	678	163	589	649	353	399	402	563	751	377	142	405	691	83	887	391	849	970	836	696	947	33	523	914	558	57	432	597	751	581	640	138	923	101	9	882	992	521	323	778	718
789	34	424	421	362	727	293	274	522	210	609	523	621	633	306	750	16	603	690	206	549	312	56	120	675	548	242	443	731	276	627	851	764	656	846	945	649	476	908	780	480	352	78	869	387	822	518	723	370	459	772	791	581	361	347	445	642	21	194	463	286	403	730	797	39	622	531	256	545	788	54	45	269	871	797	321	878	769	932	345	367	295	308	834	604	813	399	306	446	883	288	193	679	822	302	810	375	866	428	265	169
51	937	833	536	468	193	129	763	281	271	994	347	62	499	245	989	538	759	56	581	772	296	156	83	370	84	276	327	283	926	681	559	317	21	256	91	428	635	604	599	859	47	322	562	819	305	862	93	522	474	95	181	353	348	31	907	292	30	563	454	934	202	411	822	314	202	948	267	629	124	767	839	900	959	413	286	665	779	902	438	279	397	341	343	724	866	287	313	156	342	309	528	586	528	625	465	923	338	413	330	845
515	129	47	840	959	641	520	805	407	327	848	142	805	272	798	353	941	985	347	706	136	79	998	637	212	31	413	238	349	103	193	242	286	892	286	332	998	364	445	852	930	687	231	171	791	947	910	26	251	124	594	647	678	96	176	382	119	715	695	159	234	557	37	75	630	291	595	299	333	937	559	590	871	849	353	864	751	313	379	226	504	27	438	864	991	744	708	865	155	17	549	553	280	381	854	733	624	486	749	926	36
375	251	380	289	782	345	491	458	217	969	583	768	429	830	617	326	764	386	213	329	49	802	610	613	629	651	183	622	438	636	44	456	700	300	339	333	840	277	795	567	590	301	759	630	71	960	645	844	913	936	999	298	339	171	112	494	446	652	79	213	342	314	888	207	354	31	77	238	187	385	411	744	338	671	552	476	262	430	404	274	984	392	488	654	827	528	527	644	297	116	346	514	384	216	165	392	81	637	360	625	624
389	48	9	69	515	25	733	16	23	126	938	370	565	932	785	176	258	938	914	963	706	62	225	545	970	524	296	261	420	399	87	655	823	368	10	615	26	720	632	681	166	640	494	971	993	877	89	475	625	921	955	947	694	65	72	412	746	162	990	243	172	494	745	104	265	240	321	996	260	43	916	395	532	46	665	792	537	529	182	177	908	188	204	587	474	31	120	391	641	847	367	57	956	691	320	457	343	9	467	392	557
192	753	842	418	96	927	274	72	706	824	926	861	931	944	289	171	684	374	968	617	711	661	423	58	452	690	994	433	641	538	507	926	337	477	346	15	378	297	431	783	568	876	194	627	596	535	330	835	832	333	209	892	917	330	114	681	978	452	672	782	228	819	286	238	235	311	938	387	552	988	912	168	651	971	498	774	43	997	813	159	536	421	193	764	454	714	680	211	531	963	775	440	644	252	784	181	489	791	967	335	791
181	253	831	432	440	32	550	395	898	356	343	635	958	266	679	619	150	949	319	974	737	359	904	9	150	972	442	338	772	65	522	623	646	809	629	971	924	371	243	470	495	767	370	163	240	739	493	510	457	738	772	38	497	780	920	636	295	420	981	515	998	93	660	497	391	504	113	956	114	403	855	567	908	539	993	390	468	290	569	380	612	740	804	406	259	117	78	461	595	249	906	32	230	613	613	330	645	820	167	646	386
702	483	677	273	764	208	440	243	80	594	867	801	423	852	442	149	788	702	137	44	67	84	162	235	398	259	463	19	159	96	737	807	66	953	6	604	612	826	775	149	227	917	437	647	179	149	175	689	929	878	876	230	42	98	971	263	360	963	888	658	10	476	850	497	996	293	220	790	128	891	346	563	992	678	184	891	480	178	845	956	849	979	586	667	36	100	222	542	717	624	823	2	340	596	668	653	912	797	729	451	125
240	951	920	936	136	850	315	999	130	906	539	167	72	890	931	94	581	761	488	816	617	919	790	157	24	989	271	881	750	701	920	381	28	588	163	247	250	92	789	273	418	901	690	488	57	670	238	883	127	891	982	140	785	477	672	921	598	264	835	266	357	777	128	135	402	376	166	426	30	803	699	91	649	417	487	941	384	665	520	889	303	672	207	956	660	932	168	568	527	962	473	624	30	595	704	871	907	724	37	699	430
609	742	74	854	124	892	899	742	617	167	970	395	899	134	254	498	130	404	802	634	943	322	678	395	835	983	573	183	485	644	99	509	860	413	785	231	505	453	935	550	860	143	274	397	335	61	213	522	684	256	483	212	95	584	671	250	64	837	896	428	317	188	934	703	483	754	972	579	554	645	261	704	778	550	514	162	607	842	335	925	355	500	433	289	465	765	892	554	71	978	861	74	327	365	742	965	334	821	545	853	522
672	805	652	549	380	234	603	727	419	393	727	69	451	269	429	329	577	906	995	660	695	256	496	342	855	834	741	667	57	241	985	17	238	334	569	573	160	656	7	384	437	411	415	893	85	607	438	109	804	577	505	681	19	21	298	515	251	742	480	784	795	566	328	529	156	828	977	102	935	824	444	13	305	499	726	467	696	361	890	616	437	416	519	701	430	99	558	415	629	636	621	972	702	317	413	784	212	436	863	183	156
842	814	599	833	756	42	648	616	698	369	589	8	94	919	793	69	208	586	579	265	774	679	259	512	535	477	829	499	551	605	803	651	522	756	603	381	411	963	857	409	498	886	988	96	460	525	842	677	528	475	94	524	989	834	674	277	352	837	484	58	239	138	340	236	886	104	934	158	730	136	555	515	799	858	996	225	886	247	697	739	599	732	695	41	902	891	254	321	937	2	805	201	780	195	531	365	400	231	371	201	734
344	556	10	368	205	119	676	240	984	620	121	204	12	223	561	590	879	446	907	733	13	123	129	229	385	98	42	538	130	71	432	559	929	257	149	8	991	198	528	360	114	499	158	622	373	708	161	219	519	997	193	964	108	127	427	306	864	487	716	689	750	852	952	409	843	764	340	1	440	113	19	307	431	887	160	787	718	653	685	731	858	198	893	744	904	829	869	364	210	60	142	414	576	985	766	44	5	55	398	930	456
301	379	439	401	454	760	420	10	698	741	996	352	86	834	710	942	320	203	229	409	337	0	420	549	165	775	976	589	111	375	702	1000	923	258	504	770	678	433	88	513	473	798	891	237	525	89	157	831	754	753	632	447	239	2	407	890	973	296	911	986	934	99	333	411	849	45	983	569	389	674	570	880	156	971	109	580	11	593	839	151	618	775	281	298	76	981	787	863	37	711	765	532	536	193	918	724	325	499	595	842	951
593	838	980	156	821	287	119	669	116	128	129	368	894	683	949	237	148	543	744	201	488	858	678	735	319	569	474	19	513	797	813	716	36	608	394	671	192	512	328	285	753	669	612	992	143	309	983	415	582	764	995	472	79	299	240	311	276	565	354	400	553	666	981	582	754	116	998	915	356	468	494	974	366	391	706	685	647	700	597	964	370	539	535	678	41	329	342	307	647	779	708	425	648	675	734	745	821	520	619	98	881
744	627	429	694	769	711	562	34	141	164	997	836	192	123	385	393	149	287	813	28	410	864	717	157	207	472	892	706	680	243	250	2	860	597	837	592	252	665	406	816	411	913	427	232	703	371	309	234	611	724	553	830	359	306	502	188	395	814	745	945	355	410	192	545	847	899	760	621	675	184	372	881	780	839	628	452	557	980	893	723	630	719	383	627	399	813	301	909	196	267	502	291	737	405	557	145	857	136	163	622	872
768	499	852	639	762	302	405	280	36	930	613	576	839	860	278	911	335	458	889	548	816	364	482	680	184	252	718	896	380	128	475	315	422	530	48	845	31	615	20	635	776	246	214	864	907	671	977	49	545	322	2	848	86	983	478	684	732	617	542	151	431	378	991	88	115	555	110	478	914	621	892	422	738	597	730	563	168	822	159	736	705	204	459	880	129	439	521	829	436	405	909	883	990	107	55	44	1000	667	573	994	519

Sample Output
2
0
25


26194