Sample Input
4
4 4
1 1 1 4
1 3 1 1
1 1 2 1
1 1 1 1
3 5
1 1 1 1 1
1 1 1 1 1
1 1 1 1 1
10 10
1	1	1	4	1	9	2	0	9	4
1	3	1	1	3	9	4	8	7	8
1	1	2	1	5	5	4	6	1	0
1	1	1	1	1	0	7	4	8	0
3	1	8	0	6	0	8	6	9	2
9	8	3	2	3	6	3	3	7	0
7	9	0	6	0	8	3	6	4	5
0	4	7	4	4	0	7	3	4	3
7	6	4	2	5	4	2	5	6	7
9	5	6	3	8	5	6	5	3	7
10 10
48	224	600	815	304	74	0	0	995	640
0	950	0	552	0	116	0	870	635	688
474	110	336	0	72	277	0	120	449	580
540	712	0	149	0	160	0	354	932	0
0	395	467	592	871	693	458	0	945	200
740	970	242	0	756	792	307	695	668	455
450	390	587	838	630	151	124	696	522	616
766	298	846	0	360	965	248	209	896	374
218	0	920	786	43	0	165	0	844	685
0	449	849	252	448	478	850	410	792	579


Sample Output
2
0
25
2614

Large.out
32778
32761
31837
32449
33883
32678
33684
33560
32375
32964